<?xml version="1.0"?>
<opencv_storage>
<calibration_time>"Sunday 17 June 2018 08:58:43 PM IST"</calibration_time>
<nr_of_frames>25</nr_of_frames>
<image_width>1280</image_width>
<image_height>720</image_height>
<board_width>9</board_width>
<board_height>6</board_height>
<square_size>24.</square_size>
<fix_aspect_ratio>1.</fix_aspect_ratio>
<!-- flags: +fix_aspectRatio +fix_principal_point +zero_tangent_dist -->
<flags>14</flags>
<fisheye_model>0</fisheye_model>
<camera_matrix type_id="opencv-matrix">
  <rows>3</rows>
  <cols>3</cols>
  <dt>d</dt>
  <data>
    9.7362755486737194e+02 0. 640. 0. 9.7362755486737194e+02 360. 0. 0.
    1.</data></camera_matrix>
<distortion_coefficients type_id="opencv-matrix">
  <rows>5</rows>
  <cols>1</cols>
  <dt>d</dt>
  <data>
    4.9767221066230505e-01 -5.0409314318432132e+00 0. 0.
    1.9266417352261730e+01</data></distortion_coefficients>
<avg_reprojection_error>1.5172757705124715e+00</avg_reprojection_error>
<per_view_reprojection_errors type_id="opencv-matrix">
  <rows>25</rows>
  <cols>1</cols>
  <dt>f</dt>
  <data>
    1.46995640e+00 1.46402586e+00 1.47834182e+00 1.47180045e+00
    1.47887778e+00 1.47530830e+00 1.46587944e+00 1.47669244e+00
    1.48819327e+00 1.48964751e+00 1.49402595e+00 1.49152982e+00
    1.48880291e+00 1.51224470e+00 1.50497282e+00 1.51016176e+00
    1.52577519e+00 1.54348958e+00 1.54305112e+00 1.57004297e+00
    1.59415507e+00 1.58201325e+00 1.59640205e+00 1.59637177e+00
    1.60230708e+00</data></per_view_reprojection_errors>
<!-- a set of 6-tuples (rotation vector + translation vector) for each view -->
<extrinsic_parameters type_id="opencv-matrix">
  <rows>25</rows>
  <cols>6</cols>
  <dt>d</dt>
  <data>
    -8.0016321177132277e-01 4.2044438847970961e-01
    -1.7273614038782917e-01 -9.2052784931544480e+01
    -2.8202998009133935e+01 4.2664951863968099e+02
    -8.0074262703018828e-01 4.2620213621880160e-01
    -1.7675205984934134e-01 -9.2159015553826961e+01
    -2.8174764939307082e+01 4.2704978811113000e+02
    -7.9894435118101470e-01 4.3224426123091897e-01
    -1.8231149625958595e-01 -9.2721860904984311e+01
    -2.8232486958247090e+01 4.2722800488179035e+02
    -7.9914599359258576e-01 4.3713880055011856e-01
    -1.8817367576262015e-01 -9.2943111684344558e+01
    -2.7799868563202029e+01 4.2836299882250955e+02
    -7.9807481599919228e-01 4.4366482070504498e-01
    -1.9378987053860269e-01 -9.3003317442317694e+01
    -2.7363952996924279e+01 4.2922210488968176e+02
    -7.9908402011253454e-01 4.4937808010627484e-01
    -1.9952659865960984e-01 -9.2888278184561273e+01
    -2.6276337813179101e+01 4.3057145650603104e+02
    -7.9997412859063044e-01 4.5481778804020284e-01
    -2.0410436950583954e-01 -9.2749518744427377e+01
    -2.5510515700178040e+01 4.3169632403606056e+02
    -8.0253462121236996e-01 4.6324113868914485e-01
    -2.1166085411936555e-01 -9.3288738924987939e+01
    -2.3600788884732513e+01 4.3336164823037291e+02
    -8.0697646553649038e-01 4.6582073058011764e-01
    -2.1628342310606194e-01 -9.5657947537232275e+01
    -2.2048507955218145e+01 4.3375159552973344e+02
    -8.0649404223535215e-01 4.6311109847115306e-01
    -2.2029335995416227e-01 -9.8486626860093565e+01
    -2.1395536032818317e+01 4.3271940132177076e+02
    -8.0597361219971730e-01 4.6178052767087885e-01
    -2.2467235934344665e-01 -1.0029468297169996e+02
    -2.0629276402596833e+01 4.3283992076511328e+02
    -8.0679701656275216e-01 4.6110456647113168e-01
    -2.2748664339959895e-01 -1.0150809861132134e+02
    -2.0127890828702593e+01 4.3281366342068628e+02
    -8.0704068950632168e-01 4.6331900989986396e-01
    -2.2916120148927724e-01 -1.0252141534395184e+02
    -2.0211703547441086e+01 4.3316994861320427e+02
    -8.0760177080313877e-01 4.7104611292679022e-01
    -2.3262453029570565e-01 -1.0222327799574454e+02
    -1.9551901534948854e+01 4.3321953645131424e+02
    -8.0846036501479257e-01 4.7726453132997881e-01
    -2.3643201225203828e-01 -1.0129379663643867e+02
    -1.9235030357301536e+01 4.3380361640864294e+02
    -8.0666465057924464e-01 4.8541899639094621e-01
    -2.3740754617582499e-01 -9.8467051505429083e+01
    -2.0310527564045870e+01 4.3459977754358579e+02
    -8.0367256094281558e-01 4.9882329856919172e-01
    -2.3353347007082045e-01 -9.2942511332229586e+01
    -2.2976653249371026e+01 4.3536142441812632e+02
    -8.0348184760161911e-01 5.1141849345712376e-01
    -2.2768706809792832e-01 -8.8063950570694487e+01
    -2.5272838149119060e+01 4.3470280206267370e+02
    -8.0463654616070379e-01 5.1255838098218531e-01
    -2.2471459698134533e-01 -8.7042679434080910e+01
    -2.6919382324692247e+01 4.3423079610033778e+02
    -8.0250591141139471e-01 5.1319398078578160e-01
    -2.2194561485361111e-01 -8.7373880485395489e+01
    -2.9325456329012702e+01 4.3282124870613984e+02
    -8.0023819347734559e-01 5.1042510821082998e-01
    -2.2130592449644065e-01 -8.9333091991321581e+01
    -3.0896683881120076e+01 4.3074087980305194e+02
    -7.9494367850874026e-01 4.9714518384128531e-01
    -2.2214046409145752e-01 -9.5321374035250486e+01
    -3.4161697750351031e+01 4.2680778180495150e+02
    -7.9177996352932645e-01 4.9474885789831086e-01
    -2.2409872623988630e-01 -9.6969389660233333e+01
    -3.4869142527399944e+01 4.2616796234174160e+02
    -7.9137764363454433e-01 4.9311347663710925e-01
    -2.2518226746653028e-01 -9.8159398438748823e+01
    -3.4899543562005469e+01 4.2557483515094646e+02
    -7.9221532228419123e-01 4.9383257707646205e-01
    -2.2745831831710867e-01 -9.9844241936987856e+01
    -3.4318147776361364e+01 4.2503429634346912e+02</data></extrinsic_parameters>
